77777777777777777777777777777777777777777777777777
77777777777777777777777777777777777777777777777777
77777777777777777777777777777777777777777777777777
77777777777777777777777777777777777777777777777777
77777777777777777777777777777777777777777777777777
77777777777777777777777777777777777777777777777777
77777777777777777777777777777777777777777777777777
77777777777777777777777777777777777777777777777777
777777
777
777                                               
7777                                              
777                                               
77                                                
77                                                
77                                                
77                                                
77                                    LM
77                                    JK
77                                    49          
777                                   89          
777                                   89          
777                                   89          
777                                   89          
7777                                  89          
7777                                  89          
7777                                  89          
777                                   89          
777                                   89          
777                                   89          
7777                                  89          
7777                                  89          
7777                                  89          
77777                                 89          
77777                                 89          
777777                                89          
777777                                89          
7777777                               89          
7777777                              7777777      
77777777                           77777777777    
77777777                      77777777777777777   
777777777          777777    7777777777777777777  
777777777       777777777777777777777777777777777 
77777777777777777777777777777777777777777777777777
77777777777777777777777777777777777777777777777777
77777777777777777777777777777777777777777777777777
77777777777777777777777777777777777777777777777777
77777777777777777777777777777777777777777777777777
77777777777777777777777777777777777777777777777777