77777777777777777777777777777777777777777777777777
77777777777777777777777777777777777777777777777777
77777777777777777777777777777777777777777777777777
77777777777777777777777777777777777777777777777777
77777777777777777777777777777777777777777777777777
77777777777777777777777777777777777777777777777777
77777777777777777777777777777777777777777777777777
77777777777777777777777777777777777777777777777777
                                       77777777777
                                       77777777777
                                        7777777777
                                        7777777777
                                         777777777
                   LM                     77777777
                   JK                       777777
                   89                         7777
                   89                            7
                   89                             
                   89                             
                   89            777
                   89           7777777           
                   89           77777777          
                   89           77777777
                   89          77777777777        
                   89          77777777777        
                   89          77777777777        
                   89          77777777777        
                   89          77777777777        
                   89               777           
                   89                             
                   89                             
                   89                             
                   89                             
                   89                             
                   89                             
                   89                             
                   89                             
         77777     89                             
        7777777    89                             
       77777777    89       777                   
     77777777777   89      77777                  
    7777777777777  89  7777777777                 
   777777777777777 89  77777777777      7777777   
77777777777777777777777777777777777  7777777777   
77777777777777777777777777777777777777777777777777
77777777777777777777777777777777777777777777777777
77777777777777777777777777777777777777777777777777
77777777777777777777777777777777777777777777777777
77777777777777777777777777777777777777777777777777
77777777777777777777777777777777777777777777777777