00000000000000000000000000000000000000000000000000
00000000000000000000000000000000000000000000000000
00000000000000000000000000000000000000000000000000
00000000000000000000000000000000000000000000000000
00000000000000000000000000000000000000000000000000
00000000000000000000000000000000000000000000000000
00000000000000000000000000000000000000000000000000
00000000000000000000000000000000000000000000000000
00000000000000000000000000000000000000000000000000
00000000000000000       00000000000000000000000  0
00000000000000            00000000000000000000   0
000000000000               00000000000000000      
0000000                      0000000000000        
00000                          000000000          
00000                           0000              
0000                                              
0000                                              
0000                                              
0000                                              
0000                                           mff
00000                                          hii
00000                                          jbb
00000                                          455
00000                                          455
000000                                         455
000000                                         455
000000                                         455
000000                                         455
000000                                         455
000000                                         455
0000000               gfe                      455
0000000               hid                      455
0000000               abc                      455
00000000              103                      455
00000000              103                      455
000000000             103                      455
00000000000           103                      455
00000000000           103                      455
00000000000000        103                      455
00000000000000        103          0000        455
000000000000000       103         0000000     4555
000000000000000       103       0000000000000 4555
00000000000000000000000000000000000000000000000000
00000000000000000000000000000000000000000000000000
00000000000000000000000000000000000000000000000000
00000000000000000000000000000000000000000000000000
00000000000000000000000000000000000000000000000000
00000000000000000000000000000000000000000000000000
00000000000000000000000000000000000000000000000000
00000000000000000000000000000000000000000000000000