00000000000000000000000000000000000000000000000000
00000000000000000000000000000000000000000000000000
00000000000000000000000000000000000000000000000000
00000000000000000000000000000000000000000000000000
00000000000000000000000000000000000000000000000000
00000000000000000000000000000000000000000000000000
00000000000000000000000000000000000000000000000000
00000000000000000000000000000000000000000000000000
00000000000000000000000000000000000000000000000000
00000000000000000                   00000000000000
 000000000000                         000000000000
 000000                                00000000000
                                         000000000
                                         000000000
                                            000000
                                               000
                                                  
                                                  
                           0000000                
l                        000000000                
d                       00000000000               
k                   000000000000000000            
6                  0000000000000000000            
6                 00000000000000000000            
6                000000000000000000000            
6                000000000000000000000            
6               0000000000000000000000
6               00000000000000000000000           
6               0000000000000000000000000         
6              00000000000000000000000000         
6              00000000000000000000000000         
6              00000000000000000000000000         
6              000000000000000000000000000        
6              0000000000000000000000000000       
6             000000000000000000000000000000      
6           00000000000000000000000000000000      
6           00000000000000000000000000000000      
6           000000000000000000000000000000000     
6           0000000000000000000000000000000000    
56         00000000000000000000000000000000000
56         0000000000000000000000000000000000000
556      000000000000000000000000000000000000000
00000000000000000000000000000000000000000000000000
00000000000000000000000000000000000000000000000000
00000000000000000000000000000000000000000000000000
00000000000000000000000000000000000000000000000000
00000000000000000000000000000000000000000000000000
00000000000000000000000000000000000000000000000000
00000000000000000000000000000000000000000000000000
00000000000000000000000000000000000000000000000000