00000000000000000000000000000000000000000000000000
00000000000000000000000000000000000000000000000000
00000000000000000000000000000000000000000000000000
00000000000000000000000000000000000000000000000000
00000000000000000000000000000000000000000000000000
00000000000000000000000000000000000000000000000000
00000000000000000000000000000000000000000000000000
00000000000000000000000000000000000000000000000000
00000000000000000000000000000000000000000000000000
00000000000000000000000000000000000000000000000000
00000000000                                       
0000000000                                        
0000000000
000000000                                   000000
00000000                 00000000000        000000
00000000                 000000000000       000000
00000000                 000000000000       000000
0000000                  000000000000       000000
000000                   000000000000       000000
00000                    00000000000         00000
0000                     00000000000          0000
000                      0000000000           0000
                         000000000             000
                         000000000             000
                         000000000              00
                         0000000000             00
                         00000000000             0
                         00000000000              
                         00000000000              
000                      00000000000              
0000                     00000000000              
0000            gfe      00000000000              
000000          hid      000000000000             
0000000         abc      0000000000000            
00000000        103      0000000000000            
00000000        103      0000000000000            
000000000       103      00000000000000           
0000000000      103      000000000000000          
00000000000     103      00000000000000000        
00000000000     103      00000000000000000000     
0000000000000   103      00000000000000000000000  
00000000000000  103     00000000000000000000000000
00000000000000000000000000000000000000000000000000
00000000000000000000000000000000000000000000000000
00000000000000000000000000000000000000000000000000
00000000000000000000000000000000000000000000000000
00000000000000000000000000000000000000000000000000
00000000000000000000000000000000000000000000000000
00000000000000000000000000000000000000000000000000
00000000000000000000000000000000000000000000000000