00000000000000000000000000000000000000000000000000
00000000000000000000000000000000000000000000000000
00000000000000000000000000000000000000000000000000
00000000000000000000000000000000000000000000000000
00000000000000000000000000000000000000000000000000
00000000000000000000000000000000000000000000000000
00000000000000000000000000000000000000000000000000
00000000000000000000000000000000000000000000000000
00000000000000000000000000000000000000000000000000
00000000000000000000000000000000000000000000000000
00000000000000000000000000000000000000000000000000
00000000000000000000000000000000000000000000000000
000                          000000000000000000000
0                              0000000000000000000
0                               000000000000000000
         0000                    00000000000000000
        000000                    0000000000000000
       00000000                           00000000
     0000000000                            0000000
  00000000000000                            000000
00000000000000000                            00000
00000000000000000                            00000
00000000000000000                             0000
000000000000000000                             000
000000000000000000000000                        00
0000000000000000000000000                       00
00000000000000000000000000000000                00
00000000000000000000000000000000000             00
000000000000000000000000000000000000           000
00000000000000000000000000000000000000000000000000
00000000000000000000000000000000000000000000000000
0000                         000000000000000000000
                               0000000000000000000
                                 00000000000000000
        x       x                  000000000000000
  x     w       w                   00000000000000
  w     w       w                         00000000
00000000000000  w                         00000000
0000000000000000000                      000000000
0000000000000000000000                   000000000
000000000000000000000000                0000000000
0000000000000000000000000             000000000000
000000000000000000000000000           000000000000
00000000000000000000000000000000000000000000000000
00000000000000000000000000000000000000000000000000
00000000000000000000000000000000000000000000000000
00000000000000000000000000000000000000000000000000
00000000000000000000000000000000000000000000000000
00000000000000000000000000000000000000000000000000
00000000000000000000000000000000000000000000000000