57 400 -5250 Tileset/utile/perle.png
57 -50 -3420 Tileset/utile/statue.png
57 0 -4100 Tileset/utile/perle.png
57 875 -1325 Tileset/utile/statue_casse.png
57 925 -1600 Tileset/utile/perle.png
57 -200 1680 Tileset/utile/statue.png
57 875 4500 Tileset/utile/statue_casse.png
48 -500 -4300 0 -4800
48 -500 -4400 0 -4900
48 -500 -4500 0 -5000
48 -500 -3700 -400 -4000
49 600 -4350
52 -600 -3300 50 -3300
52 -10 -3300 600 -3300
50 -100 -3000 600 -3100
52 -400 -2750 200 -2800
52 -400 -2500 50 -2550
48 100 -2350 500 -2400
48 100 -2250 500 -2300
49 900 -1750
49 -125 -2100
49 500 200
49 -325 325
49 0 575
49 700 680
49 -220 850
49 500 1170
49 -450 1750
49 600 1670
52 600 1800 100 2300
52 600 2500 -300 2700
50 200 2000 -200 2100
50 -100 2400 600 2300
50 -200 2800 400 2500
