48 -150 350 750 350
48 -100 300 700 300
48 -50 250 650 250
52 500 150 900 0
52 500 -200 1000 -200
52 450 -120 900 -120
52 400 -40 900 -40
48 850 370 1250 370
48 1250 200 1400 200
49 1500 200
49 1575 175
49 1650 100
48 1200 -100 1500 -100
48 1750 25 2000 25
49 1900 -425
49 2000 -400
49 2100 -375
49 2120 -350
49 2225 -300
49 2275 -275
49 2400 -250
49 2500 -275
49 2700 -275
49 2900 -300
50 3200 -225 3700 -225
52 3900 -75 4150 -75
49 4000 -375
49 4100 -425
49 4300 -450
52 4650 100 4800 -75
57 -325 -290 Tileset/utile/statue_niveau.png
57 -50 -300 Tileset/utile/zone_secrete.png
57 650 -400 Tileset/utile/perle.png
57 1250 -340 Tileset/utile/statue_casse.png
57 3950 -365 Tileset/utile/statue.png
57 6900 250 Tileset/utile/statue_boss.png
