             7777777                              
      XXXXXXX7777777                              
             7777777                              
             7777777                              
             7777777                              
             7777777                              
             7777777                              
             7777777                              
             7777777                              
             7777777                              
             7777777                              
XXXXXXXXXXXXX7777777                              
             7777777                              
             7777777                              
             7777777                              
             7777777                              
             7777777                              
             7777777                              
             7777777                              
             7777777                              
             7777777                              
XXXXXXXXXXXXX7777777                              
             7777777                              
             7777777                              
             7777777                              
             7777777                              
             7777777                              
             7777777                              
             7777777                              
             7777777                              
             7777777                              
XXXXXXXXXXXXX7777777                              
             7777777                              
             7777777                              
             7777777                              
             7777777                              
             7777777                              
             7777777                              
             7777777                              
             7777777                              
             7777777                              
 XXXXXXXXXXXX7777777                              
             7777777                              
             7777777                              
             7777777                              
             7777777                              
             7777777                              
             7777777                              
             7777777                              
             7777777                              