 77          7777777                              
             7777777                              
             7777777                              
             7777777                              
             7777777                              
             7777777                              
             7777777                              
             7777777                              
             7777777                              
             7777777                              
             7777777                              
             7777777                              
             7777777                              
             7777777                              
             7777777                              
             7777777                              
             7777777                              
             7777777                              
             7777777                              
             7777777                              
             7777777                              
             7777777                              
             7777777                              
             7777777                              
             7777777                              
             7777777                              
             7777777                              
             7777777                              
             7777777                              
             7777777                              
       7777777777777                              
         77777777777                              
          7777777777                              
           777777777                              
            77777777                              
             7777777                              
             7777777                              
             7777777                              
             7777777                              
         7   7777777                              
         77  7777777                              
          7777777777                              
          7777777777                              
           777777777                              
             7777777                              
             7777777                              
             7777777                              
          77 7777777                              
           777777777                              
            77777777                              