77777777     7777777                              
77777777     7777777                              
777777       7777777                              
777777       7777777                              
777777       7777777                              
777777       7777777                              
77777        7777777                              
77777        7777777                              
7777         7777777                              
 777         7777777                              
  77         7777777                              
  77         7777777                              
             7777777                              
             7777777                              
             7777777                              
             7777777                              
             7777777                              
             7777777                              
             7777777                              
             7777777                              
             7777777                              
             7777777                              
             7777777                              
             7777777                              
             7777777                              
             7777777                              
             7777777                              
             7777777                              
             7777777                              
             7777777                              
             7777777                              
             7777777                              
             7777777                              
             7777777                              
             7777777                              
             7777777                              
             7777777                              
             7777777                              
             7777777                              
             7777777                              
             7777777                              
             7777777                              
             7777777                              
 7           7777777                              
77           7777777                              
77           7777777                              
777          7777777                              
777          7777777                              
777          7777777                              
7777         7777777                              