             7777777                              
             7777777                              
             7777777                              
             7777777                              
             7777777                              
             7777777                              
             7777777                              
             7777777                              
             7777777                              
             7777777                              
             7777777                              
             7777777                              
             7777777                              
             7777777                              
             7777777                              
             7777777                              
             7777777                              
             7777777                              
             7777777                              
             7777777                              
             7777777                              
             7777777                              
             7777777                              
             7777777                              
             7777777                              
             7777777                              
             7777777                              
             7777777                              
             7777777                              
             7777777                              
             7777777                              
             7777777                              
             7777777                              
    7        7777777                              
  777777777  7777777                              
 77    7777  7777777                              
 7      7    7777777                              
 77     7    7777777                              
  7777777    7777777                              
   7777      7777777                              
             7777777                              
             7777777                              
             7777777                              
             7777777                              
             7777777                              
             7777777                              
             7777777                              
             7777777                              
             7777777                              
             7777777                              