             7777777                              
             7777777                              
             7777777                              
             7777777                              
             7777777                              
  7777       7777777                              
  7777777    7777777                              
  77     77  7777777                              
   7      7777777777                              
    7     7777777777                              
    7  7777  7777777                              
   77777     7777777                              
777          7777777                              
             7777777                              
             7777777                              
             7777777                              
             7777777                              
             7777777                              
             7777777                              
             7777777                              
             7777777                              
             7777777                              
             7777777                              
  777        7777777                              
  77777      7777777                              
   777 77    7777777                              
   7     77  7777777                              
   77     77 7777777                              
   77     7777777777                              
   7     77  7777777                              
  77   77    7777777                              
  7777777    7777777                              
7777   77    7777777                              
       7     7777777                              
      77     7777777                              
     77      7777777                              
    77       7777777                              
   77        7777777                              
7 77         7777777                              
777          7777777                              
77           7777777                              
             7777777                              
             7777777                              
             7777777                              
             7777777                              
             7777777                              
             7777777                              
             7777777                              
             7777777                              
             7777777                              