77777777777777777777777777777777777777777777777777
          77777777777777777777777777              
            7777777777777777777777                
              777777777777777777                  
               7777777777777777                   
                777777777777777                   
                 7777777777777                    
                  77777777777                     
                  7777777777                      
                   77777777                       
                   77777777                       
                    777777                        
                    777777                        
                    77777                         
                    7777                          
                    7777                          
                    777                           
                     77                           
                     7                            
                     7                            
                                                  
                                                  
                                                  
                                                  
                                                  
                                                  
                                                  
                                                  
                                                  
                     7                            
                     77                           
                     77                           
                      77                          
                      77                          
                      777                         
                      777                         
                      777                         
                      7777                        
                     777777                       
                     777777                       
                    77777777                      
                   7777777777                     
                   77777777777                    
                  777777777777                    
                 77777777777777                   
                7777777777777777                  
               777777777777777777                 
              77777777777777777777                
              777777777777777777777               
             7777777777777777777777777777777777777