77777777777777777777777777777777777777777777777777
                                                  
                                                  
                                                  
           77                                     
           77                                     
           777                                    
          777777                                  
         777777777             77777777777        
         777777777           7777777777777        
        777777777             77777777777         
       777777777                77777777          
         777777                  777777           
           7777                   77777           
                                    77            
                                                  
                                                  
                                                  
                                                  
                                                  
                                                  
                                                  
                                                  
                                                  
                                                  
                         77                       
                         77777777777              
                         77777777777              
                          7777777777              
                          777777777               
                          77777777                
                           7777777                
                           777777                 
                           7777                   
                            77                    
                           777                    
                                                  
    777777777                                     
       777777                                     
       77777                                      
        777                                       
        77                                        
        77                                        
                                                  
                                                  
                                                  
                                                  
                                                  
                                                  
77777777777777777777777777777777777777777777777777